32 5095211
101 3691886
110 2274496
105 1987732
116 1930142
97 1694363
115 1613204
114 1547642
111 1277177
104 1242016
100 1037637
108 946553
117 833146
99 713993
109 586441
103 565163
119 482618
44 428534
102 400142
98 390040
46 337954
112 291806
121 279781
107 270710
118 220192
195 204756
122 152841
73 115223
83 112104
65 100062
45 83517
39 82185
188 77327
87 73604
164 62609
68 62515
84 61961
77 59643
69 52922
66 52352
34 47709
71 43494
182 41533
48 38046
85 36576
75 36480
80 36040
70 34035
106 33577
76 32825
72 31191
78 30036
120 28607
63 27311
82 24231
58 22486
86 21810
67 19692
74 19460
159 18922
79 17956
49 17545
90 15893
50 11807
113 11165
89 8872
128 8566
226 8565
53 8494
147 7672
57 6583
51 5869
59 5153
52 4747
56 4348
54 3899
55 3591
33 2460
156 1628
81 1503
132 1151
150 1135
91 1030
93 1029
38 918
37 756
47 723
148 654
194 649
88 486
36 307
187 255
171 249
169 221
161 81
166 72
43 71
186 57
61 55
185 53
173 43
176 43
41 40
178 39
179 37
189 35
168 31
64 29
154 27
146 19
177 17
35 17
206 16
40 16
94 16
160 15
95 14
163 11
162 8
167 8
170 8
196 8
197 7
96 6
137 5
165 5
184 5
42 5
129 4
135 4
138 4
130 3
151 3
180 3
133 2
172 2
174 2
239 2
92 2
140 1
141 1
190 1
191 1
208 1
211 1
madeupword0000 0
madeupword0001 0
madeupword0002 0
